>>>> 1
[2, 9]
[6, 11]
[3, 10]
[4, 5]
[0, 12]
[1, 13]
[7, 8]
>>>> 2
[2, 12]
[3, 4]
[6, 10]
[7, 11]
[9, 13]
[1, 8]
[0, 5]
>>>> 3
[8, 9]
[3, 5]
[0, 11]
[6, 13]
[2, 4]
[1, 10]
[7, 12]
>>>> 4
[1, 9]
[0, 10]
[5, 7]
[3, 13]
[4, 11]
[6, 8]
[3, 9]
>>>> 5
[0, 13]
[5, 8]
[1, 6]
[10, 11]
[4, 7]
[1, 3]
[10, 13]
>>>> 6
[11, 12]
[4, 9]
[2, 8]
[0, 7]
[5, 6]
[1, 12]
[4, 6]
>>>> 7
[5, 10]
[0, 3]
[9, 11]
[7, 13]
[0, 8]
[2, 5]
[1, 4]
>>>> 8
[6, 7]
[10, 12]
[11, 13]
[7, 10]
[3, 6]
[0, 1]
[12, 13]
>>>> 9
[4, 8]
[2, 11]
[5, 9]
[9, 12]
[1, 11]
[3, 8]
[2, 7]
>>>> 10
[5, 13]
[0, 6]
[4, 10]
[2, 10]
[5, 12]
[7, 9]
[0, 4]
>>>> 11
[8, 13]
[3, 11]
[4, 12]
[1, 2]
[3, 7]
[8, 11]
[0, 9]
>>>> 12
[1, 7]
[0, 2]
[6, 12]
[8, 10]
[4, 13]
[5, 11]
[1, 5]
>>>> 13
[2, 3]
[6, 9]
[8, 12]
[2, 13]
[9, 10]
[3, 12]
[2, 6]